12223253212115555235152523523983253212
67213451235152523523985902358252124159720352352352321423652311222222222224111111111142341359282011111532532121114125555555
235152523523984112222222222244112222
5235235236721345123253212111435235235235152523523983253212111459023418411222325321211
67213451235123485212482592398511111
222222411222222222224111111112222222224102418411222222222224111111111142341143523523523515252352398325321211145902341841122232
23515252352351525235234112222222222241111111159841122232234112222222222241111111159720352352352321423652369234852124111111


28201111153253212112325321211252352
11114234135235235152523521511114234135522222410241841122222222222411111111114234131455552351525235239832532121114590234184
02341835235235152541125554352235239832532121114592232532122222241024184112222222222241111111111423413592820111115325321211